14176 09:11:52 53.03944 23.24213 153 97 30.0 22.8 998
14177 09:11:52 53.03944 23.24213 153 98 30.3 22.5 998
14178 09:12:29 53.03947 23.24212 157 98 30.6 22.8 998
14179 09:13:06 53.03946 23.24213 157 98 30.7 22.8 998
14180 09:13:06 53.03946 23.24213 154 97 30.8 22.8 998
14181 09:13:25 53.03943 23.24212 153 95 31.1 22.8 998
14181 00:00:00 0.00000 0.00000 0 96 31.1 22.8 998
14182 09:13:49 53.03946 23.24198 186 96 31.1 22.8 998
14183 09:14:07 53.03945 23.24197 176 91 31.2 22.8 999
14184 09:14:26 53.03941 23.24207 176 94 31.4 22.8 999
14185 09:14:44 53.03941 23.24208 163 98 32.1 22.8 998
14186 09:15:03 53.03941 23.24208 163 95 32.3 23.2 998
14187 09:15:22 53.03941 23.24208 163 93 32.8 23.2 999
14188 09:15:40 53.03972 23.24208 169 91 33.2 23.5 999
14189 09:15:59 53.03955 23.24211 161 98 32.4 23.5 998
14190 09:15:59 53.03955 23.24211 161 97 32.7 23.8 998
14191 09:16:36 53.03946 23.24217 157 96 34.5 23.8 998
14192 09:16:55 53.03943 23.24211 161 93 34.3 23.8 999
14193 09:16:55 53.03943 23.24211 161 94 34.7 23.2 999
14194 09:17:32 53.03944 23.24210 158 97 34.3 23.0 998
14195 09:17:51 53.03944 23.24209 159 97 34.2 23.0 998
14196 09:17:51 53.03944 23.24209 159 92 34.1 22.8 999
14197 09:18:28 53.03944 23.24209 159 92 34.2 22.8 999
14198 09:18:47 53.03946 23.24205 163 93 34.0 23.0 999
14199 09:18:47 53.03946 23.24205 163 95 33.8 23.2 998
14200 09:19:24 53.03947 23.24212 162 94 33.3 23.0 999
14201 09:19:43 53.03944 23.24215 163 98 32.7 22.5 998
14202 09:19:43 53.03944 23.24215 163 93 32.5 22.5 999
14203 09:20:20 53.03943 23.24213 163 94 32.4 22.5 999
14204 09:20:39 53.03946 23.24206 163 98 32.3 22.5 998
14205 09:20:39 53.03946 23.24206 163 99 32.5 22.8 998
14206 09:21:16 53.03953 23.24205 166 99 32.5 22.8 998
14207 09:21:53 53.03941 23.24203 161 99 32.7 22.8 998
14208 09:21:53 53.03941 23.24203 163 99 32.9 23.0 998
14209 09:22:12 53.03942 23.24185 166 99 33.2 23.0 998
14210 09:22:49 53.03947 23.24198 166 99 33.5 23.2 998
14211 09:22:49 53.03947 23.24198 167 99 33.7 23.5 998
14212 09:23:08 53.03946 23.24204 167 99 34.0 23.5 998
14213 09:23:27 53.03942 23.24207 167 98 34.3 23.8 998
14214 09:23:45 53.03942 23.24196 162 98 34.7 26.2 998
14215 09:24:04 53.03941 23.24193 157 98 35.0 32.8 998
14216 09:24:04 53.03941 23.24193 157 98 35.4 37.0 998
14217 09:24:41 53.03933 23.24192 158 98 35.8 39.8 998
14218 09:25:00 53.03937 23.24194 158 98 36.2 41.2 998
14219 09:25:19 53.03938 23.24194 158 98 36.6 42.5 998
14220 09:25:37 53.03938 23.24193 159 99 37.0 42.8 998
14221 09:25:56 53.03939 23.24194 159 99 37.4 43.0 998
14222 09:25:56 53.03939 23.24194 159 99 37.8 43.5 998
14223 09:26:33 53.03937 23.24190 166 99 38.3 43.5 998
14224 09:26:52 53.03939 23.24194 168 99 38.7 43.8 998
14225 09:26:52 53.03939 23.24194 168 99 39.1 44.2 998
14226 09:27:29 53.03938 23.24192 184 99 39.5 45.2 998
14227 09:27:48 53.03938 23.24193 183 99 39.9 45.8 998
14228 09:27:48 53.03938 23.24193 183 99 40.3 44.5 998
14229 09:28:25 53.03937 23.24189 167 99 40.7 44.8 998
14230 09:28:44 53.03937 23.24189 164 99 41.0 44.0 998
14231 09:28:44 53.03937 23.24189 164 99 41.4 43.0 998
14232 09:29:21 53.03939 23.24188 163 98 41.7 43.0 998
14233 09:29:40 53.03942 23.24195 155 99 42.1 43.2 998
14234 09:29:40 53.03942 23.24195 155 99 42.4 44.0 998
14235 09:30:17 53.03942 23.24198 158 98 42.8 44.5 998
14236 09:30:54 53.03941 23.24197 158 98 43.1 44.2 998
14237 09:30:54 53.03941 23.24197 155 98 43.4 45.2 998
14238 09:31:13 53.03943 23.24195 154 98 43.7 45.0 998
14239 09:31:50 53.03942 23.24195 154 98 43.9 43.2 998
14240 09:31:50 53.03942 23.24195 153 98 44.2 44.0 998
14241 09:32:09 53.03943 23.24195 154 98 44.5 45.0 998
14242 09:32:28 53.03941 23.24194 154 98 44.7 45.5 998
14243 09:32:46 53.03941 23.24196 157 98 44.9 46.2 998
14244 09:33:05 53.03942 23.24197 155 98 45.2 46.5 998
14245 09:33:24 53.03940 23.24195 155 97 45.5 41.2 998
14246 09:33:42 53.03945 23.24197 156 97 45.7 35.8 998
14247 09:34:01 53.03947 23.24197 155 97 45.9 34.8 998
14248 09:34:20 53.03947 23.24197 155 97 46.1 33.0 998
14249 09:34:38 53.03947 23.24196 162 96 46.3 32.5 998
14250 09:34:57 53.03946 23.24197 162 96 46.6 31.8 998
14251 09:34:57 53.03946 23.24197 162 96 46.8 31.0 998
14252 09:35:34 53.03945 23.24199 157 96 47.0 30.5 998
14253 09:35:53 53.03945 23.24198 156 96 47.2 30.0 998
14254 09:35:53 53.03945 23.24198 156 96 47.4 29.8 998
14255 09:36:30 53.03944 23.24197 154 96 47.6 29.5 998
14256 09:36:49 53.03945 23.24197 154 96 47.8 29.2 998
14257 09:36:49 53.03945 23.24197 154 96 48.0 28.8 998
14258 09:37:26 53.03945 23.24198 157 96 48.2 28.5 998
14259 09:37:45 53.03945 23.24197 157 96 48.4 28.5 998
14260 09:37:45 53.03945 23.24197 157 96 48.5 28.5 998
14261 09:38:22 53.03946 23.24197 155 96 48.7 28.5 998
14262 09:38:41 53.03947 23.24197 155 96 48.9 28.0 998
14263 09:38:41 53.03947 23.24197 155 96 49.1 27.8 998
14264 09:39:18 53.03948 23.24198 153 96 49.3 27.5 998
14265 09:39:37 53.03948 23.24202 153 97 49.5 27.2 998
14266 09:39:37 53.03948 23.24202 153 96 49.7 26.2 998
14267 09:40:14 53.03942 23.24200 157 96 49.8 27.8 998
14268 09:40:51 53.03942 23.24202 157 97 50.0 28.8 998
14269 09:40:51 53.03942 23.24202 161 97 50.1 28.2 998
14270 09:41:10 53.03943 23.24203 158 96 50.3 28.2 998
14271 09:41:29 53.03942 23.24203 158 96 50.4 28.8 998
14272 09:41:47 53.03941 23.24202 155 96 50.5 28.8 998
14273 09:42:06 53.03942 23.24203 156 96 50.5 29.0 998
14274 09:42:25 53.03941 23.24203 156 118 50.7 28.8 996
14275 09:42:43 53.03947 23.24151 185 212 50.8 25.8 985
14276 09:43:02 53.03905 23.24043 292 313 50.9 23.8 973
14277 09:43:21 53.03857 23.23954 396 399 50.9 22.8 963
14278 09:43:21 53.03857 23.23954 396 492 51.0 22.0 952
14279 09:43:58 53.03783 23.23597 579 559 51.0 21.0 945
14280 09:44:17 53.03757 23.23459 649 644 51.0 20.2 935
14281 09:44:36 53.03729 23.23322 739 737 51.0 19.8 925
14282 09:44:36 53.03729 23.23322 739 838 51.0 18.8 913
14283 09:45:13 53.03730 23.22955 940 939 51.1 18.5 902
14284 09:45:32 53.03756 23.22759 1044 1029 51.0 17.8 892
14285 09:45:51 53.03788 23.22542 1136 1122 51.0 15.8 882
14286 09:46:10 53.03840 23.22386 1136 1186 51.0 15.0 876
14287 09:46:29 53.03873 23.22234 1136 1244 50.9 15.2 869
14288 09:46:29 53.03873 23.22234 1136 1302 50.9 14.2 863
14289 09:47:25 53.04019 23.21679 1408 1379 50.8 14.0 855
14290 09:47:25 53.04019 23.21679 1487 1431 50.8 13.0 850
14291 09:47:44 53.04100 23.21546 1540 1491 50.7 12.8 843
14292 09:48:03 53.04146 23.21349 1603 1560 50.7 12.2 836
14293 09:48:22 53.04214 23.21167 1679 1633 50.6 11.8 829
14294 09:48:41 53.04266 23.21001 1751 1697 50.6 11.5 822
14295 09:49:00 53.04317 23.20838 1815 1760 50.5 10.0 816
14296 09:49:19 53.04385 23.20625 1878 1817 50.4 10.2 810
14297 09:49:38 53.04423 23.20411 1937 1857 50.3 9.2 806
14298 09:49:57 53.04476 23.20217 1976 1899 50.3 9.2 802
14299 09:49:57 53.04476 23.20217 1976 1950 50.2 9.8 797
14300 09:50:34 53.04637 23.19897 2072 2008 50.1 10.0 791
14301 09:50:53 53.04696 23.19787 2132 2056 50.0 9.8 787
14302 09:51:12 53.04769 23.19684 2181 2109 50.0 10.5 781
14303 09:51:31 53.04849 23.19552 2237 2167 49.9 11.2 776
14304 09:51:50 53.04933 23.19385 2296 2220 49.8 10.5 771
14305 09:52:09 53.05026 23.19203 2353 2270 49.8 10.2 766
14306 09:52:28 53.05119 23.19013 2404 2319 49.7 10.0 761
14307 09:52:47 53.05208 23.18810 2404 2368 49.6 8.8 757
14308 09:53:24 53.05394 23.18409 2558 2419 49.6 7.8 752
14309 09:53:24 53.05394 23.18409 2558 2480 49.5 7.0 746
14310 09:53:43 53.05496 23.18151 2619 2527 49.4 6.8 742
14311 09:54:02 53.05602 23.17894 2668 2570 49.4 7.2 738
14312 09:54:21 53.05706 23.17650 2713 2611 49.3 6.8 734
14313 09:54:40 53.05810 23.17419 2755 2650 49.2 6.8 730
14314 09:55:17 53.06029 23.16999 2831 2686 49.2 7.2 727
14315 09:55:17 53.06029 23.16999 2831 2723 49.1 6.2 724
14316 09:55:36 53.06139 23.16793 2869 2757 49.1 6.0 720
14317 09:55:55 53.06264 23.16574 2904 2790 49.0 6.0 717
14318 09:56:14 53.06374 23.16360 2938 2826 48.9 6.0 714
14319 09:56:33 53.06470 23.16175 2975 2864 48.9 6.2 711
14320 09:56:33 53.06470 23.16175 2975 2901 48.8 6.0 707
14321 09:57:10 53.06663 23.15843 3052 2941 48.7 5.8 704
14322 09:57:29 53.06766 23.15673 3094 2983 48.6 6.0 700
14323 09:57:48 53.06867 23.15491 3140 3029 48.5 6.0 696
14324 09:58:07 53.06961 23.15282 3189 3078 48.5 5.8 692
14325 09:58:26 53.07060 23.15050 3243 3130 48.4 5.5 687
14326 09:58:45 53.07169 23.14789 3243 3178 48.3 5.5 683
14327 09:59:03 53.07273 23.14533 3343 3228 48.3 5.8 679
14328 09:59:22 53.07384 23.14273 3394 3276 48.2 5.8 674
14329 09:59:41 53.07483 23.14019 3445 3325 48.2 5.8 670
14330 10:00:00 53.07584 23.13779 3496 3376 48.0 5.2 666
14331 10:00:19 53.07678 23.13557 3548 3422 48.0 5.2 662
14332 10:00:38 53.07776 23.13309 3548 3464 47.8 4.8 658
14336 10:01:53 53.08147 23.12271 3774 3637 47.5 4.2 644
14337 10:02:12 53.08252 23.12028 3820 3679 47.4 4.2 640
14338 10:02:31 53.08369 23.11778 3820 3719 47.3 4.2 637
14339 10:02:49 53.08483 23.11536 3904 3760 47.2 4.0 634
14340 10:03:08 53.08612 23.11269 3946 3801 47.1 4.0 630
14341 10:03:27 53.08747 23.10992 3990 3845 47.0 4.2 627
14342 10:03:46 53.08895 23.10688 4035 3888 46.9 4.2 623
14343 10:04:05 53.09047 23.10385 4083 3934 46.8 3.0 619
14344 10:04:24 53.09199 23.10066 4083 3982 46.7 4.0 616
14345 10:04:42 53.09346 23.09754 4177 4030 46.6 3.5 612
14346 10:05:01 53.09488 23.09427 4228 4079 46.5 4.0 608
14347 10:05:20 53.09621 23.09084 4280 4129 46.4 4.0 604
14348 10:05:39 53.09737 23.08739 4331 4177 46.3 2.2 600
14349 10:05:58 53.09853 23.08403 4382 4225 46.2 1.0 596
14350 10:06:35 53.10055 23.07753 4482 4273 46.0 0.2 593
14351 10:06:35 53.10055 23.07753 4482 4319 46.0 0.0 589
14352 10:06:54 53.10148 23.07422 4531 4366 45.8 0.0 585
14353 10:07:13 53.10232 23.07113 4580 4413 45.8 -1.0 582
14354 10:07:32 53.10312 23.06818 4628 4456 45.7 -1.0 578
14355 10:07:51 53.10381 23.06532 4674 4502 45.5 -1.5 575
14356 10:08:10 53.10451 23.06257 4721 4546 45.4 -1.8 572
14357 10:08:29 53.10531 23.05987 4721 4592 45.3 -2.0 568
14358 10:08:48 53.10604 23.05723 4721 4638 45.2 -2.8 565
14359 10:09:25 53.10763 23.05266 4910 4685 45.1 -3.0 561
14360 10:09:25 53.10763 23.05266 4910 4733 44.9 -2.5 558
14361 10:09:44 53.10848 23.05071 4958 4777 44.8 -2.8 554
14362 10:10:03 53.10943 23.04878 5005 4820 44.7 -2.5 551
14363 10:10:22 53.11057 23.04694 5050 4863 44.6 -2.5 548
14364 10:10:41 53.11165 23.04512 5095 4905 44.5 -2.8 545
14365 10:11:00 53.11278 23.04344 5138 4947 44.3 -3.0 542
14366 10:11:19 53.11394 23.04159 5183 4989 44.2 -3.5 539
14367 10:11:38 53.11514 23.03978 5228 5032 44.1 -4.2 536
14368 10:11:57 53.11633 23.03806 5272 5077 44.0 -3.2 533
14369 10:12:16 53.11759 23.03646 5272 5123 43.9 -3.2 529
14370 10:12:35 53.11884 23.03478 5272 5171 43.7 -5.8 526
14371 10:12:35 53.11884 23.03478 5272 5218 43.6 -5.8 523
14372 10:12:35 53.11884 23.03478 5272 5265 43.5 -6.0 519
14373 10:13:50 53.12402 23.02853 5515 5314 43.3 -6.8 516
14374 10:13:50 53.12402 23.02853 5566 5364 43.2 -6.5 512
14375 10:14:09 53.12524 23.02695 5617 5414 43.0 -6.2 509
14376 10:14:28 53.12643 23.02527 5669 5463 42.9 -7.5 506
14377 10:14:47 53.12772 23.02362 5723 5512 42.8 -7.2 502
14378 10:15:06 53.12888 23.02200 5774 5560 42.6 -8.0 499
14379 10:15:25 53.12994 23.02051 5825 5608 42.5 -8.0 496
14380 10:15:44 53.13105 23.01890 5876 5656 42.3 -8.8 493
14381 10:16:03 53.13223 23.01736 5925 5706 42.2 -9.2 489
14382 10:16:22 53.13344 23.01589 5925 5755 42.0 -9.8 486
14383 10:16:41 53.13472 23.01461 5925 5803 41.9 -10.2 483
14384 10:16:41 53.13472 23.01461 5925 5852 41.8 -10.0 480
14385 10:16:41 53.13472 23.01461 5925 5898 41.6 -10.8 477
14386 10:16:41 53.13472 23.01461 5925 5943 41.4 -11.0 474
14387 10:16:41 53.13472 23.01461 5925 5991 41.3 -10.2 471
14388 10:16:41 53.13472 23.01461 5925 6038 41.1 -11.8 468
14389 10:18:35 53.14143 23.00578 5925 6082 40.9 -11.8 465
14390 10:18:54 53.14246 23.00421 5925 6124 40.8 -11.2 462
14391 10:19:13 53.14347 23.00259 5925 6167 40.7 -11.5 459
14392 10:19:32 53.14441 23.00096 5925 6209 40.5 -11.5 457
14393 10:19:51 53.14536 22.99917 5925 6252 40.3 -12.5 454
14394 10:20:10 53.14628 22.99742 5925 6295 40.2 -12.5 451
14395 10:20:29 53.14717 22.99559 5925 6337 40.0 -12.8 449
14396 10:20:48 53.14794 22.99376 5925 6379 39.9 -13.0 446
14397 10:21:07 53.14875 22.99191 5925 6420 39.6 -14.0 443
14398 10:21:26 53.14960 22.99013 5925 6461 39.5 -15.0 441
14399 10:21:45 53.15037 22.98840 6761 6505 39.3 -14.8 438
14400 10:22:04 53.15112 22.98669 6807 6550 39.1 -15.0 436
14401 10:22:23 53.15183 22.98493 6854 6593 39.0 -15.2 433
14402 10:22:42 53.15256 22.98324 6897 6640 38.8 -14.8 430
14403 10:23:01 53.15326 22.98148 6947 6687 38.6 -15.8 427
14404 10:23:20 53.15398 22.97974 6997 6732 38.4 -15.2 425
14405 10:23:39 53.15464 22.97790 7044 6783 38.2 -17.0 422
14406 10:23:58 53.15523 22.97610 7095 6830 38.1 -17.2 419
14407 10:24:17 53.15572 22.97435 7144 6881 38.0 -16.5 416
14408 10:24:36 53.15624 22.97273 7198 6932 37.7 -17.2 413
14409 10:24:55 53.15678 22.97107 7250 6981 37.5 -18.0 410
14410 10:25:14 53.15730 22.96955 7302 7035 37.4 -18.8 407
14411 10:25:33 53.15775 22.96807 7356 7087 37.2 -19.0 404
14412 10:25:52 53.15809 22.96662 7409 7141 37.0 -20.0 401
14413 10:26:11 53.15841 22.96516 7468 7196 36.8 -20.5 398
14414 10:26:30 53.15865 22.96355 7525 7250 36.5 -21.0 395
14415 10:26:49 53.15878 22.96192 7579 7300 36.4 -22.0 392
14416 10:27:08 53.15883 22.96021 7630 7351 36.1 -22.5 389
14417 10:27:27 53.15889 22.95833 7682 7403 35.9 -22.2 386
14418 10:27:46 53.15899 22.95635 7739 7459 35.8 -21.8 383
14419 10:28:05 53.15942 22.95427 7797 7518 35.6 -22.8 380
14420 10:28:24 53.16013 22.95166 7856 7564 35.3 -23.2 377
14421 10:28:43 53.16085 22.94914 7903 7607 35.1 -23.5 375
14422 10:29:02 53.16175 22.94665 7948 7653 34.9 -23.2 373
14423 10:29:21 53.16267 22.94403 7996 7695 34.7 -24.2 370
14424 10:29:40 53.16357 22.94162 8037 7737 34.5 -24.2 368
14425 10:29:59 53.16454 22.93934 8080 7779 34.3 -23.0 366
14426 10:30:18 53.16553 22.93710 8125 7824 34.1 -23.8 364
14427 10:30:37 53.16648 22.93490 8172 7867 33.9 -25.0 361
14428 10:30:56 53.16748 22.93246 8215 7908 33.8 -25.0 359
14429 10:31:15 53.16848 22.93000 8258 7950 33.5 -24.8 357
14430 10:31:34 53.16949 22.92761 8301 7992 33.3 -25.8 355
14431 10:31:53 53.17041 22.92515 8345 8035 33.1 -27.2 353
14432 10:32:12 53.17130 22.92276 8393 8079 32.9 -26.8 350
14433 10:32:31 53.17228 22.92039 8434 8121 32.6 -26.5 348
14434 10:32:50 53.17337 22.91779 8479 8167 32.4 -26.0 346
14435 10:33:09 53.17451 22.91517 8526 8214 32.2 -27.5 344
14436 10:33:28 53.17583 22.91258 8576 8260 32.0 -26.5 341
14437 10:33:47 53.17713 22.91003 8623 8309 31.8 -27.8 339
14438 10:34:06 53.17853 22.90751 8671 8358 31.5 -28.0 336
14439 10:34:25 53.17995 22.90509 8725 8408 31.3 -28.2 334
14440 10:34:44 53.18141 22.90278 8777 8462 31.1 -28.0 331
14441 10:35:03 53.18288 22.90032 8832 8518 30.9 -29.8 329
14442 10:35:22 53.18444 22.89778 8887 8573 30.8 -30.5 326
14444 10:36:00 53.18742 22.89247 9002 8680 30.3 -30.2 321
14445 10:36:19 53.18888 22.88969 9056 8737 30.1 -30.8 318
14446 10:36:38 53.19029 22.88686 9116 8791 29.8 -30.5 316
14447 10:36:57 53.19185 22.88418 9173 8846 29.6 -31.2 313
14448 10:37:16 53.19329 22.88163 9229 8902 29.4 -31.5 311
14449 10:37:35 53.19485 22.87915 9286 8956 29.1 -31.8 308
14450 10:37:54 53.19667 22.87653 9341 9010 28.9 -33.0 306
14451 10:38:13 53.19865 22.87362 9401 9064 28.7 -32.8 303
14452 10:38:32 53.20068 22.87060 9453 9117 28.4 -33.5 301
14453 10:38:51 53.20278 22.86752 9510 9169 28.3 -32.0 298
14454 10:39:29 53.20709 22.86091 9564 9223 28.0 -33.5 296
14455 10:39:48 53.20937 22.85783 9618 9273 27.8 -34.8 294
14456 10:40:07 53.21168 22.85477 9669 9324 27.5 -36.2 292
14457 10:40:26 53.21413 22.85168 9723 9377 27.3 -36.5 289
14458 10:40:45 53.21646 22.84862 9774 9427 27.1 -36.2 287
14459 10:41:04 53.21891 22.84529 9824 9478 26.8 -37.5 285
14460 10:41:23 53.22135 22.84182 9879 9530 26.6 -38.0 283
14461 10:41:23 53.22135 22.84182 9934 9580 26.4 -39.5 281
14462 10:41:42 53.22375 22.83851 9985 9635 26.1 -39.8 278
14463 10:42:01 53.22622 22.83515 10041 9689 25.9 -39.8 276
14464 10:42:20 53.22861 22.83171 10096 9742 25.6 -39.8 274
14465 10:42:20 53.22861 22.83171 10096 9797 25.4 -39.5 271
14466 10:42:59 53.23348 22.82439 10096 9849 25.1 -39.8 269
14468 10:43:37 53.23808 22.81750 10318 9954 24.7 -40.5 265
14470 10:44:15 53.24293 22.81094 10426 10061 24.2 -39.8 261
14471 10:44:34 53.24535 22.80757 10480 10114 24.0 -39.8 259
14473 10:44:53 53.24780 22.80424 10537 10222 23.6 -40.5 254
14474 10:45:32 53.25258 22.79725 10647 10276 23.3 -41.0 252
14475 10:45:51 53.25484 22.79363 10703 10329 23.1 -42.5 250
14476 10:46:29 53.25948 22.78651 10755 10383 22.8 -40.0 248
14477 10:46:29 53.25948 22.78651 10812 10437 22.5 -41.2 246
14478 10:46:29 53.25948 22.78651 10812 10491 22.3 -42.0 244
14479 10:47:08 53.26440 22.77939 10812 10547 22.1 -42.0 242
14480 10:47:27 53.26671 22.77612 10985 10605 21.8 -44.0 240
14481 10:47:46 53.26900 22.77282 11043 10659 21.5 -44.8 238
14482 10:48:24 53.27346 22.76666 11156 10715 21.3 -44.5 236
14483 10:48:24 53.27346 22.76666 11156 10769 21.1 -44.8 234
14484 10:48:44 53.27586 22.76309 11156 10825 20.9 -43.8 232
14485 10:49:03 53.27814 22.75945 11266 10880 20.6 -45.0 229
14486 10:49:22 53.28031 22.75558 11327 10938 20.4 -44.8 227
14487 10:49:41 53.28254 22.75162 11385 10996 20.1 -46.2 225
14488 10:50:00 53.28483 22.74790 11443 11049 19.9 -47.5 223
14489 10:50:00 53.28483 22.74790 11443 11106 19.7 -46.8 221
14490 10:50:39 53.28950 22.73998 11559 11159 19.4 -46.8 220
14492 10:51:36 53.29567 22.72860 11664 11266 19.0 -46.2 216
14493 10:51:36 53.29567 22.72860 11721 11319 18.8 -46.0 214
14494 10:51:36 53.29567 22.72860 11721 11371 18.6 -46.8 212
14495 10:52:15 53.29953 22.72044 11721 11421 18.5 -46.0 211
14496 10:52:34 53.30136 22.71610 11889 11473 18.2 -45.5 209
14497 10:52:53 53.30309 22.71162 11945 11528 18.1 -44.5 207
14498 10:53:31 53.30729 22.70414 12062 11590 17.9 -45.2 205
14499 10:53:31 53.30729 22.70414 12062 11642 17.7 -46.2 203
14500 10:53:51 53.30729 22.70414 12062 11696 17.5 -45.5 202
14501 10:54:10 53.30729 22.70414 12062 11752 17.3 -43.8 200
14502 10:54:29 53.30729 22.70414 12062 11808 17.1 -43.8 198
14504 10:55:07 53.30729 22.70414 12062 11914 16.8 -43.8 195
14505 10:55:27 53.30729 22.70414 12062 11965 16.5 -43.8 193
14506 10:55:46 53.30729 22.70414 12062 12011 16.4 -43.8 191
14507 10:56:05 53.30729 22.70414 12062 12057 16.2 -42.2 190
14508 10:56:24 53.30729 22.70414 12062 12100 16.0 -40.2 189
14509 10:57:02 53.30729 22.70414 12062 12143 15.9 -40.8 187
14510 10:57:02 53.30729 22.70414 12062 12186 15.7 -42.5 186
14511 10:57:22 53.30729 22.70414 12062 12231 15.6 -43.5 185
14512 10:57:41 53.30729 22.70414 12062 12278 15.4 -44.5 183
14513 10:58:00 53.30729 22.70414 12062 12326 15.3 -44.2 182
14514 10:58:38 53.30729 22.70414 12062 12376 15.1 -44.8 180
14515 10:58:38 53.30729 22.70414 12062 12429 15.0 -42.2 179
14516 10:58:58 53.30729 22.70414 12062 12481 14.9 -41.8 177
14517 10:59:17 53.30729 22.70414 12062 12533 14.7 -40.5 176
14518 10:59:36 53.30729 22.70414 12062 12584 14.6 -42.0 174
14519 10:59:55 53.30729 22.70414 12062 12635 14.4 -42.2 173
14520 11:00:14 53.30729 22.70414 12062 12686 14.3 -42.5 171
14521 11:00:34 53.30729 22.70414 12062 12739 14.2 -42.5 170
14522 11:00:53 53.30729 22.70414 12062 12789 14.1 -43.0 168
14523 11:01:12 53.30729 22.70414 12062 12842 13.9 -42.0 167
14524 11:01:31 53.30729 22.70414 12062 12893 13.8 -42.8 165
14525 11:01:50 53.30729 22.70414 12062 12942 13.7 -42.8 164
14526 11:02:10 53.30729 22.70414 12062 12988 13.6 -42.0 163
14528 11:02:48 53.30729 22.70414 12062 13079 13.3 -40.0 160
14529 11:03:07 53.30729 22.70414 12062 13130 13.2 -40.5 159
14530 11:03:45 53.30729 22.70414 12062 13182 13.1 -40.5 158
14532 11:04:05 53.30729 22.70414 12062 13291 12.9 -41.2 155
14533 11:04:24 53.32365 22.51664 12098 13348 12.8 -41.2 153
14534 11:04:43 53.32365 22.51664 12098 13409 12.7 -40.8 152
14535 11:05:02 53.32365 22.51664 12098 13469 12.6 -42.8 150
14536 11:05:21 53.32365 22.51664 12098 13526 12.4 -42.5 149
14537 11:05:41 53.32365 22.51664 12098 13579 12.4 -43.0 147
14538 11:06:00 53.32365 22.51664 12098 13634 12.2 -41.2 146
14540 11:06:57 53.32365 22.51664 12098 13741 12.0 -42.2 143
14541 11:06:57 53.32365 22.51664 12098 13789 11.9 -41.5 142
14542 11:06:57 53.32365 22.51664 12098 13835 11.8 -42.2 141
14543 11:07:36 53.32365 22.51664 12098 13879 11.7 -40.2 140
14544 11:07:55 53.32365 22.51664 12098 13924 11.6 -40.5 139
14545 11:08:33 53.32365 22.51664 12098 13970 11.5 -40.2 138
14546 11:08:52 53.32365 22.51664 12098 14014 11.4 -40.2 137
14547 11:08:52 53.32365 22.51664 12098 14064 11.3 -40.8 135
14548 11:09:12 53.32365 22.51664 12098 14109 11.2 -40.5 134
14549 11:09:31 53.32365 22.51664 12098 14154 11.1 -40.5 133
14551 11:10:09 53.37171 22.69347 12099 14241 10.9 -41.5 131
14552 11:10:28 53.37171 22.69347 12099 14285 10.8 -40.2 130
14553 11:10:48 53.37171 22.69347 12099 14336 10.8 -40.0 129
14554 11:11:07 53.36039 22.67409 12099 14388 10.6 -42.0 128
14555 11:11:26 53.36120 22.67591 12054 14442 10.6 -40.5 127
14556 11:11:45 53.36175 22.67716 12055 14499 10.5 -40.2 126
14557 11:12:04 53.36224 22.67875 12055 14554 10.4 -41.2 124
14558 11:12:24 53.36224 22.67875 12055 14609 10.3 -40.5 123
14560 11:13:02 53.36224 22.67875 12055 14715 10.1 -40.8 121
14561 11:13:40 53.36224 22.67875 12055 14766 10.1 -40.2 120
14562 11:13:40 53.36224 22.67875 12055 14818 10.0 -42.0 119
14563 11:13:40 53.36224 22.67875 12055 14869 9.9 -43.8 118
14564 11:14:19 53.36224 22.67875 12055 14918 9.8 -43.0 116
14565 11:14:38 53.36224 22.67875 12055 14970 9.7 -41.8 115
14566 11:14:57 53.36224 22.67875 12055 15020 9.6 -42.5 114
14567 11:15:16 53.36224 22.67875 12055 15073 9.5 -42.0 113
14568 11:15:35 53.36224 22.67875 12055 15128 9.4 -40.5 112
14569 11:15:54 53.36224 22.67875 12055 15180 9.3 -41.5 111
14570 11:16:32 53.36224 22.67875 12055 15233 9.2 -40.8 110
14571 11:16:32 53.36224 22.67875 12055 15286 9.2 -40.8 109
14572 11:16:32 53.36224 22.67875 12055 15335 9.1 -40.5 108
14573 11:16:32 53.36224 22.67875 12055 15375 9.0 -40.2 107
14574 11:17:30 53.36224 22.67875 12055 15423 8.9 -40.0 106
14575 11:17:49 53.36224 22.67875 12055 15470 8.8 -40.8 105
14576 11:18:08 53.36224 22.67875 12055 15516 8.8 -40.5 105
14577 11:18:27 53.36224 22.67875 12055 15563 8.6 -40.5 104
14578 11:18:46 53.36224 22.67875 12055 15611 8.6 -40.8 103
14579 11:19:05 53.36224 22.67875 12055 15658 8.5 -40.5 102
14580 11:19:24 53.36224 22.67875 12055 15704 8.4 -40.2 101
14581 11:19:43 53.36224 22.67875 12055 15751 8.4 -40.2 100
14582 11:19:43 53.36224 22.67875 12055 15802 8.3 -42.0 99
14583 11:20:22 53.36224 22.67875 12055 15852 8.2 -42.0 98
14584 11:20:41 53.36224 22.67875 12055 15906 8.1 -40.5 97
14585 11:20:41 53.36224 22.67875 12055 15959 8.1 -41.2 96
14586 11:20:41 53.36224 22.67875 12055 16015 8.0 -40.5 95
14587 11:21:38 53.35362 22.57093 12055 16065 7.9 -40.5 94
14588 11:21:57 53.35404 22.56976 12055 16112 7.9 -40.5 94
14589 11:22:16 53.35492 22.56837 12055 16160 7.8 -40.8 93
14590 11:22:35 53.35572 22.56748 12055 16213 7.8 -40.8 92
14591 11:22:54 53.35662 22.56684 12055 16263 7.7 -40.5 91
14592 11:23:13 53.35744 22.56664 12055 16316 7.7 -40.0 90
14593 11:23:32 53.35744 22.56664 12055 16374 7.6 -40.5 89
14594 11:23:51 53.35894 22.56721 12055 16431 7.5 -40.2 88
14595 11:24:10 53.35951 22.56703 12055 16481 7.5 -40.2 87
14596 11:24:29 53.36010 22.56681 12055 16533 7.4 -40.2 86
14597 11:24:48 53.36055 22.56598 12055 16586 7.4 -40.5 86
14598 11:25:07 53.36074 22.56435 12055 16637 7.3 -40.5 85
14599 11:25:26 53.36062 22.56399 12055 16686 7.2 -39.8 84
14600 11:25:45 53.36062 22.56399 12055 16736 7.2 -40.5 83
14601 11:26:04 53.36062 22.56399 12055 16786 7.1 -40.5 82
14602 11:26:23 53.36062 22.56399 12055 16838 7.1 -40.0 82
14603 11:26:42 53.36062 22.56399 12055 16884 7.0 -42.0 81
14604 11:27:01 53.36062 22.56399 12055 16929 7.0 -40.8 80
14605 11:27:20 53.41934 22.68965 12052 16975 6.9 -40.2 79
14606 11:27:39 53.41934 22.68965 12052 17024 6.9 -41.5 79
14607 11:27:58 53.41934 22.68965 12052 17070 6.8 -40.5 78
14608 11:28:17 53.41934 22.68965 12052 17117 6.8 -40.8 77
14609 11:28:36 53.41934 22.68965 12052 17166 6.8 -40.5 77
14610 11:28:55 53.41934 22.68965 12052 17214 6.7 -40.0 76
14611 11:29:14 53.41934 22.68965 12052 17265 6.6 -39.5 75
14612 11:29:33 53.41934 22.68965 12052 17314 6.6 -39.8 74
14613 11:29:52 53.41934 22.68965 12052 17362 6.6 -39.5 74
14614 11:30:11 53.41934 22.68965 12052 17412 6.5 -37.8 73
14616 11:30:49 53.41934 22.68965 12052 17511 6.4 -38.8 72
14617 11:31:08 53.41934 22.68965 12052 17559 6.4 -39.5 71
14618 11:31:27 53.34210 22.45184 12052 17604 6.4 -39.5 70
14619 11:31:46 53.34265 22.44781 12052 17653 6.3 -39.2 70
14620 11:32:05 53.34265 22.44781 12052 17700 6.3 -37.8 69
14621 11:32:24 53.34220 22.44019 12020 17748 6.3 -37.2 68
14622 11:32:43 53.34178 22.43625 12020 17791 6.3 -37.2 68
14623 11:33:02 53.36638 22.51233 12026 17838 6.2 -38.2 67
14624 11:33:21 53.36638 22.51233 12026 17886 6.2 -39.2 66
14625 11:33:40 53.37005 22.51645 12026 17935 6.2 -38.2 66
14626 11:33:59 53.37005 22.51645 12026 17987 6.1 -38.2 65
14627 11:34:18 53.37005 22.51645 12026 18033 6.1 -38.8 64
14628 11:34:37 53.37005 22.51645 12026 18082 6.1 -39.5 64
14629 11:34:56 53.36016 22.53151 12026 18130 6.1 -37.2 63
14630 11:35:15 53.36009 22.53084 12007 18176 6.1 -37.0 63
14631 11:35:34 53.35976 22.53140 12011 18222 6.1 -36.0 62
14632 11:35:53 53.35896 22.53164 12015 18270 6.0 -37.8 61
14633 11:36:12 53.35896 22.53164 12015 18319 6.0 -38.0 61
14634 11:36:31 53.35896 22.53164 12015 18367 6.0 -37.0 60
14635 11:36:50 53.35896 22.53164 12015 18417 6.0 -37.5 60
14636 11:37:09 53.35896 22.53164 12015 18464 6.0 -37.2 59
14637 11:37:28 53.35896 22.53164 12015 18513 5.9 -38.2 58
14638 11:37:47 53.35896 22.53164 12015 18560 5.9 -37.8 58
14639 11:38:06 53.35896 22.53164 12015 18607 5.9 -37.8 57
14640 11:38:25 53.35896 22.53164 12015 18654 5.9 -38.0 57
14641 11:38:44 53.35896 22.53164 12015 18699 5.9 -37.0 56
14642 11:39:03 53.35896 22.53164 12015 18744 5.9 -35.2 56
14643 11:39:22 53.35896 22.53164 12015 18790 5.9 -36.0 55
14644 11:39:41 53.35896 22.53164 12015 18832 5.8 -36.0 55
14645 11:40:00 53.35896 22.53164 12015 18876 5.8 -36.5 54
14646 11:40:19 53.35896 22.53164 12015 18917 5.8 -36.0 54
14647 11:40:38 53.35896 22.53164 12015 18962 5.8 -34.8 53
14648 11:40:57 53.35896 22.53164 12015 19006 5.8 -35.2 53
14649 11:41:16 53.35896 22.53164 12015 19055 5.8 -34.8 52
14650 11:41:35 53.35896 22.53164 12015 19100 5.8 -34.5 52
14651 11:41:54 53.35896 22.53164 12015 19145 5.8 -35.0 51
14652 11:42:13 53.35896 22.53164 12015 19189 5.8 -35.2 51
14653 11:42:32 53.35896 22.53164 12015 19238 5.8 -35.0 50
14654 11:42:51 53.31139 22.60580 12013 19282 5.8 -36.0 50
14655 11:43:10 53.31147 22.60632 12030 19331 5.8 -35.2 49
14656 11:43:29 53.31166 22.60611 12024 19377 5.8 -35.2 49
14657 11:43:48 53.31166 22.60531 12020 19419 5.8 -34.2 48
14658 11:44:07 53.31119 22.60528 12021 19460 5.8 -35.0 48
14659 11:44:26 53.31146 22.60442 12051 19499 5.8 -34.0 48
14660 11:44:45 53.31219 22.60046 12056 19538 5.8 -35.8 47
14661 11:45:04 53.31244 22.59849 12056 19582 5.8 -35.8 47
14662 11:45:23 53.31208 22.59827 12056 19622 5.8 -35.5 46
14663 11:45:42 53.31208 22.59827 12056 19670 5.8 -36.5 46
14664 11:46:01 53.31208 22.59827 12056 19714 5.8 -36.8 45
14666 11:46:39 53.31208 22.59827 12056 19801 5.8 -35.2 45
14667 11:46:58 53.31208 22.59827 12056 19848 5.8 -35.0 44
14668 11:47:17 53.31208 22.59827 12056 19896 5.8 -35.2 44
14669 11:47:36 53.36955 22.52321 12056 19937 5.8 -36.0 43
14670 11:47:55 53.36911 22.52059 12056 19983 5.8 -35.2 43
14671 11:48:14 53.36914 22.51784 12061 20027 5.8 -37.0 42
14672 11:48:33 53.36921 22.51565 12062 20071 5.8 -34.8 42
14673 11:48:52 53.36953 22.51383 12062 20113 5.8 -32.8 42
14674 11:49:11 53.36980 22.51236 12062 20153 5.8 -33.5 41
14675 11:49:30 53.36971 22.50990 12062 20193 5.9 -31.5 41
14676 11:49:49 53.36922 22.50748 12062 20233 5.9 -31.5 41
14677 11:50:08 53.36854 22.50534 12062 20274 5.9 -32.2 40
14678 11:50:46 53.37046 22.49913 12062 20319 5.9 -31.2 40
14679 11:50:46 53.37046 22.49913 12062 20363 5.9 -31.5 39
14680 11:51:05 53.37151 22.49649 12062 20409 5.9 -32.2 39
14681 11:51:24 53.37170 22.49416 12062 20449 5.9 -34.0 39
14682 11:51:43 53.37229 22.49243 12062 20488 5.9 -33.5 38
14683 11:52:02 53.37296 22.49152 12062 20531 6.0 -31.8 38
14684 11:52:02 53.37296 22.49152 12062 20573 6.0 -31.8 38
14685 11:52:02 53.37296 22.49152 12062 20615 6.0 -32.0 37
14687 11:53:19 53.47367 22.65682 12062 20695 6.0 -31.0 37
14688 11:53:38 53.47367 22.65682 12062 20733 6.0 -30.5 36
14689 11:53:57 53.47367 22.65682 12062 20776 6.0 -32.2 36
14690 11:54:16 53.47367 22.65682 12062 20810 6.1 -32.2 36
14691 11:54:16 53.47367 22.65682 12062 20846 6.1 -32.0 35
14692 11:54:16 53.47367 22.65682 12062 20888 6.1 -31.5 35
14693 11:54:16 53.47367 22.65682 12062 20928 6.1 -29.5 35
14694 11:55:50 53.47367 22.65682 12062 20967 6.2 -31.0 34
14697 11:56:10 53.47367 22.65682 12062 21087 6.2 -28.0 33
14698 11:56:10 53.47367 22.65682 12062 21128 6.3 -28.0 33
14699 11:57:07 53.47367 22.65682 12062 21169 6.3 -28.2 33
14700 11:57:07 53.47367 22.65682 12062 21215 6.3 -27.0 32
14701 11:57:07 53.47367 22.65682 12062 21255 6.3 -27.0 32
14702 11:58:04 53.47367 22.65682 12062 21290 6.4 -28.8 32
14703 11:58:23 53.47367 22.65682 12062 21328 6.4 -27.5 32
14704 11:58:23 53.47367 22.65682 12062 21363 6.4 -26.5 31
14705 11:58:23 53.47367 22.65682 12062 21403 6.5 -27.2 31
14706 11:58:23 53.47367 22.65682 12062 21439 6.5 -27.2 31
14707 11:59:39 53.47367 22.65682 12062 21483 6.5 -26.8 31
14709 12:00:17 53.38849 22.34512 12100 21562 6.6 -26.5 30
14710 12:00:36 53.32416 22.47036 12100 21604 6.6 -27.5 30
14711 12:00:55 53.32414 22.46689 12100 21641 6.7 -27.5 29
14712 12:01:14 53.32463 22.46254 12100 21686 6.7 -27.2 29
14713 12:01:33 53.32503 22.45850 12100 21729 6.7 -26.2 29
14714 12:01:52 53.32520 22.45515 12095 21762 6.7 -25.2 29
14715 12:02:11 53.32563 22.45208 12095 21802 6.8 -25.8 28
14716 12:02:30 53.32563 22.45208 12095 21841 6.8 -24.8 28
14717 12:02:49 53.32632 22.44516 12095 21875 6.8 -23.2 28
14719 12:03:27 53.32644 22.43870 12100 21949 6.9 -22.5 27
14720 12:03:46 53.32699 22.43565 12092 21986 6.9 -23.2 27
14721 12:04:05 53.32699 22.43565 12092 22020 7.0 -23.5 27
14722 12:04:24 53.32852 22.42855 12093 22054 7.0 -22.5 27
14723 12:04:43 53.32913 22.42527 12094 22092 7.1 -22.8 26
14724 12:05:02 53.32913 22.42527 12094 22127 7.1 -23.0 26
14725 12:05:21 53.33076 22.41961 12096 22161 7.1 -24.8 26
14726 12:05:40 53.33121 22.41721 12094 22196 7.2 -24.0 26
14727 12:05:59 53.33121 22.41721 12094 22227 7.2 -25.0 26
14728 12:06:18 53.35358 22.43114 12094 22260 7.2 -24.0 25
14729 12:06:37 53.35358 22.43114 12094 22295 7.2 -23.5 25
14730 12:06:56 53.30604 22.44009 12095 22325 7.3 -22.8 25
14731 12:07:15 53.30535 22.43736 12094 22364 7.3 -23.0 25
14732 12:07:34 53.30454 22.43498 12094 22398 7.3 -23.8 25
14733 12:07:53 53.30454 22.43498 12094 22429 7.4 -24.5 24
14734 12:08:12 53.30273 22.42893 12095 22468 7.4 -24.2 24
14735 12:08:31 53.30153 22.42640 12095 22512 7.4 -23.5 24
14736 12:08:50 53.30081 22.42404 12094 22546 7.4 -23.5 24
14737 12:09:09 53.30023 22.42229 12094 22582 7.5 -23.2 23
14738 12:09:28 53.30023 22.42229 12094 22613 7.5 -22.5 23
14739 12:09:47 53.28576 22.44375 12094 22652 7.5 -23.2 23
14740 12:10:06 53.28495 22.43946 12095 22694 7.6 -23.0 23
14741 12:10:25 53.28409 22.43442 12094 22727 7.6 -22.2 23
14743 12:11:03 53.28308 22.42476 12095 22788 7.7 -20.8 22
14744 12:11:22 53.28265 22.41974 12094 22810 7.7 -21.2 22
14745 12:11:41 53.28225 22.41373 12099 22840 7.8 -21.8 22
14746 12:12:00 53.28225 22.41373 12099 22870 7.8 -19.8 22
14747 12:12:19 53.51157 22.25133 12094 22899 7.8 -20.0 22
14748 12:12:38 53.51157 22.25133 12094 22932 7.9 -19.8 21
14749 12:12:57 53.51157 22.25133 12094 22964 7.9 -18.5 21
14750 12:13:16 53.53784 22.51287 12095 22995 8.0 -19.2 21
14751 12:13:35 53.53784 22.51287 12095 23028 8.0 -19.0 21
14752 12:13:54 53.53784 22.51287 12095 23065 8.1 -17.5 21
14753 12:14:13 53.53784 22.51287 12095 23098 8.1 -16.5 21
14754 12:14:32 53.53784 22.51287 12095 23126 8.2 -18.8 20
14755 12:14:51 53.40560 22.37775 12094 23155 8.2 -19.8 20
14756 12:15:10 53.40605 22.37508 12094 23184 8.2 -19.2 20
14757 12:15:29 53.40644 22.37210 12094 23210 8.3 -19.5 20
14758 12:15:48 53.40681 22.36957 12098 23241 8.3 -17.8 20
14759 12:16:07 53.40736 22.36658 12094 23265 8.4 -17.8 20
14760 12:16:26 53.40784 22.36318 12095 23292 8.4 -16.5 20
14761 12:16:45 53.40784 22.36318 12095 23320 8.5 -16.5 19
14762 12:17:04 53.40951 22.35578 12096 23344 8.5 -17.0 19
14763 12:17:23 53.41060 22.35128 12096 23371 8.6 -17.0 19
14764 12:17:42 53.41174 22.34783 12096 23397 8.6 -17.0 19
14765 12:18:01 53.41311 22.34544 12095 23423 8.6 -17.2 19
14766 12:18:20 53.41465 22.34286 12095 23450 8.7 -17.2 19
14767 12:18:39 53.41465 22.34286 12095 23476 8.7 -17.2 19
14768 12:18:58 53.41785 22.33912 12095 23505 8.8 -16.5 19
14769 12:19:17 53.41941 22.33803 12096 23534 8.8 -16.2 18
14770 12:19:36 53.42013 22.33626 12096 23559 8.8 -17.8 18
14771 12:19:55 53.41982 22.33437 12097 23590 8.9 -17.8 18
14772 12:20:14 53.42092 22.33228 12096 23615 8.9 -16.2 18
14773 12:20:33 53.42145 22.32997 12096 23641 9.0 -16.0 18
14774 12:20:52 53.42194 22.32695 12097 23660 9.0 -17.5 18
14775 12:21:11 53.42241 22.32323 12097 23681 9.0 -17.8 18
14776 12:21:49 53.42242 22.31863 12098 23708 9.1 -17.2 18
14777 12:21:49 53.42242 22.31863 12098 23728 9.1 -17.8 18
14778 12:22:08 53.42432 22.31221 12098 23752 9.1 -17.8 17
14779 12:22:46 53.42497 22.30957 12098 23776 9.2 -18.8 17
14780 12:22:46 53.42497 22.30957 12098 23798 9.2 -18.0 17
14781 12:23:05 53.45872 22.21565 12099 23820 9.2 -17.5 17
14782 12:23:24 53.45765 22.21219 12098 23843 9.3 -17.2 17
14783 12:24:02 53.45613 22.20642 12098 23874 9.3 -17.2 17
14784 12:24:21 53.45516 22.20363 12098 23902 9.3 -17.2 17
14785 12:24:21 53.45516 22.20363 12098 23938 9.4 -17.8 17
14786 12:24:40 53.45381 22.20080 12099 23967 9.4 -19.0 16
14787 12:24:59 53.45221 22.19788 12099 24000 9.4 -19.0 16
14788 12:25:18 53.45434 22.12516 12099 24022 9.4 -18.2 16
14789 12:25:37 53.45265 22.12132 12099 24046 9.5 -18.8 16
14790 12:25:56 53.45121 22.11751 12098 24061 9.5 -19.0 16
14791 12:26:15 53.45003 22.11351 12099 24087 9.5 -18.8 16
14792 12:26:34 53.44869 22.10891 12099 24106 9.6 -18.0 16
14793 12:26:53 53.44744 22.10357 12099 24128 9.6 -17.8 16
14794 12:26:53 53.44744 22.10357 12099 24147 9.6 -17.8 16
14795 12:27:50 53.44388 22.08549 12099 24169 9.6 -17.2 16
14796 12:28:09 53.44283 22.08022 12098 24191 9.7 -17.0 15
14797 12:28:09 53.44283 22.08022 12098 24215 9.7 -16.8 15
14798 12:28:09 53.44283 22.08022 12098 24236 9.7 -17.5 15
14799 12:28:09 53.44283 22.08022 12098 24258 9.8 -17.2 15
14800 12:28:09 53.44283 22.08022 12098 24280 9.8 -16.0 15
14801 12:28:09 53.44283 22.08022 12098 24299 9.8 -14.8 15
14802 12:28:09 53.44283 22.08022 12098 24318 9.9 -14.0 15
14803 12:28:09 53.44283 22.08022 12098 24333 9.9 -14.0 15
14804 12:28:09 53.44283 22.08022 12098 24352 9.9 -14.0 15
14805 12:30:42 53.44283 22.08022 12098 24368 10.0 -13.2 15
14806 12:31:01 53.43560 22.02878 12098 24388 10.0 -13.2 15
14807 12:31:20 53.43596 22.02215 12098 24402 10.1 -12.2 15
14808 12:31:39 53.43636 22.01570 12098 24424 10.1 -11.5 15
14809 12:31:58 53.43677 22.00998 12098 24436 10.1 -13.0 14
14810 12:32:17 53.51924 22.09051 12098 24247 10.2 -15.5 15
14811 12:32:36 53.51520 22.08545 12098 24020 10.2 -20.5 16
14812 12:32:55 53.51106 22.07998 12097 23795 10.2 -24.0 17
14813 12:33:14 53.50603 22.07579 12098 23569 10.2 -27.2 18
14814 12:33:33 53.50299 22.07391 12099 23247 10.2 -29.5 20
14815 12:33:53 53.50299 22.07391 12099 22936 10.1 -32.0 21
14816 12:33:53 53.50299 22.07391 12099 22643 10.1 -34.0 23
14817 12:34:31 53.49161 22.06626 12099 22361 10.0 -35.2 25
14818 12:34:50 53.48848 22.06347 12098 22084 9.8 -36.8 26
14819 12:35:09 53.49282 22.11934 12098 21815 9.7 -38.2 28
14820 12:35:28 53.48995 22.11491 12098 21548 9.6 -39.8 30
14821 12:35:47 53.48716 22.11050 12097 21282 9.4 -40.2 32
14822 12:36:06 53.48468 22.10651 12098 21016 9.3 -42.0 34
14823 12:36:25 53.48468 22.10651 12098 20763 9.1 -42.8 36
14824 12:36:44 53.48468 22.10651 12098 20503 9.0 -43.2 38
14825 12:37:03 53.47178 22.04996 12098 20248 8.8 -44.2 40
14826 12:37:22 53.47051 22.04824 12096 20007 8.6 -45.0 43
14827 12:37:41 53.46894 22.04648 12097 19763 8.4 -46.0 45
14828 12:38:00 53.46894 22.04648 12097 19518 8.2 -46.8 47
14829 12:38:19 53.46516 22.04234 12099 19281 8.1 -47.5 50
14830 12:38:38 53.46321 22.04091 12100 19043 7.9 -47.8 52
14831 12:38:57 53.46188 22.03972 12099 18808 7.7 -48.2 55
14832 12:39:16 53.46002 22.03889 12099 18570 7.4 -49.0 58
14833 12:39:35 53.45878 22.03819 12099 18342 7.2 -49.8 61
14834 12:39:54 53.45754 22.03733 12099 18120 7.0 -49.5 63
14835 12:40:13 53.45622 22.03818 12099 17899 6.8 -48.8 66
14836 12:40:32 53.45579 22.03899 12090 17687 6.6 -48.8 69
14837 12:40:51 53.45512 22.03816 12090 17471 6.4 -49.2 72
14838 12:41:10 53.45490 22.03781 12090 17260 6.2 -50.0 75
14839 12:41:29 53.45455 22.03718 12090 17049 6.0 -50.5 78
14840 12:41:48 53.45407 22.03684 12090 16841 5.8 -50.8 81
14841 12:42:07 53.45352 22.03577 12090 16633 5.6 -50.8 85
14842 12:42:26 53.45239 22.03566 12090 16432 5.3 -51.0 88
14843 12:42:45 53.45239 22.03566 12090 16226 5.1 -50.8 92
14844 12:43:04 53.45239 22.03566 12090 16022 4.9 -51.5 95
14845 12:43:23 53.44122 22.04307 12094 15816 4.7 -51.5 99
14846 12:43:42 53.44122 22.04307 12094 15615 4.5 -51.0 103
14847 12:44:01 53.44122 22.04307 12094 15415 4.3 -51.0 106
14848 12:44:20 53.44122 22.04307 12094 15219 4.1 -51.2 110
14849 12:44:58 53.44122 22.04307 12094 15024 3.9 -51.2 114
14850 12:44:58 53.44122 22.04307 12094 14828 3.7 -51.2 118
14851 12:45:18 53.44122 22.04307 12094 14635 3.4 -50.8 123
14852 12:45:37 53.44122 22.04307 12094 14440 3.2 -50.2 127
14853 12:45:56 53.44122 22.04307 12094 14241 3.0 -50.2 131
14854 12:46:15 53.44122 22.04307 12094 14044 2.8 -50.2 136
14855 12:46:34 53.44122 22.04307 12094 13848 2.6 -50.5 141
14856 12:46:53 53.44122 22.04307 12094 13646 2.4 -50.8 146
14857 12:47:12 53.44122 22.04307 12094 13447 2.2 -50.8 151
14858 12:47:31 53.44122 22.04307 12094 13253 2.0 -50.2 156
14859 12:48:09 53.44122 22.04307 12094 13061 1.8 -50.0 161
14860 12:48:09 53.44122 22.04307 12094 12868 1.6 -49.8 166
14861 12:48:29 53.44122 22.04307 12094 12675 1.4 -49.2 172
14862 12:48:48 53.44122 22.04307 12094 12484 1.2 -49.2 177
14863 12:49:07 53.44122 22.04307 12094 12287 1.0 -49.5 183
14864 12:49:26 53.44122 22.04307 12094 12094 0.8 -49.8 189
14865 12:49:45 53.44122 22.04307 12094 11898 0.6 -49.8 195
14866 12:50:04 53.44122 22.04307 12094 11695 0.4 -50.5 202
14867 12:50:23 53.44838 22.03076 12076 11493 0.2 -51.2 208
14868 12:50:42 53.45049 22.02763 11929 11289 -0.0 -52.0 215
14869 12:51:01 53.45271 22.02392 11745 11084 -0.3 -52.2 222
14870 12:51:20 53.45503 22.02092 11552 10840 -0.9 -52.5 231
14871 12:51:40 53.45751 22.01719 11552 10595 -1.0 -52.8 240
14872 12:51:59 53.45948 22.01323 11065 10353 -1.4 -51.8 249
14873 12:52:18 53.46159 22.01001 11012 10119 -1.8 -50.2 258
14874 12:52:56 53.46592 22.00359 10902 9887 -2.2 -48.8 268
14875 12:52:56 53.46592 22.00359 10724 9655 -2.4 -47.0 277
14876 12:53:15 53.46818 22.00116 10617 9425 -2.5 -45.0 287
14877 12:53:15 53.46818 22.00116 10617 9204 -2.7 -43.0 297
14878 12:53:54 53.47317 21.99622 10617 8985 -2.8 -40.5 307
14879 12:54:13 53.47552 21.99388 10113 8773 -3.0 -39.8 317
14880 12:54:32 53.47744 21.99130 9948 8560 -3.1 -38.0 327
14881 12:54:51 53.47932 21.98955 9904 8352 -3.1 -36.5 337
14882 12:55:10 53.48114 21.98836 9855 8143 -3.2 -34.8 347
14883 12:55:29 53.48185 21.98583 9761 7936 -3.2 -33.5 358
14884 12:55:48 53.48185 21.98583 9761 7731 -3.2 -32.0 369
14885 12:56:07 53.48185 21.98583 9761 7531 -3.2 -30.2 379
14886 12:56:26 53.48185 21.98583 9761 7328 -3.2 -29.0 390
14887 12:56:45 53.48185 21.98583 9761 7127 -3.1 -27.5 402
14908 13:03:23 53.49740 21.95449 6915 3530 1.4 -0.2 653
14909 13:03:42 53.49740 21.95449 6915 3373 1.7 0.8 666
14910 13:04:01 53.49740 21.95449 6915 3214 2.0 1.8 680
14911 13:04:38 53.49740 21.95449 6915 3056 2.4 3.8 694
14912 13:04:38 53.49740 21.95449 6915 2901 2.8 4.2 707
14913 13:04:57 53.49740 21.95449 6915 2748 3.1 4.8 721
14914 13:05:16 53.49740 21.95449 6915 2599 3.4 5.2 735
14915 13:05:35 53.49740 21.95449 6915 2454 3.8 5.5 748
14916 13:05:53 53.49740 21.95449 6915 2311 4.2 5.8 762
14917 13:06:12 53.49740 21.95449 6915 2173 4.5 6.2 775
14918 13:06:31 53.49740 21.95449 6915 2032 4.8 7.8 789
14919 13:06:50 53.49740 21.95449 6915 1896 5.2 6.2 802
14920 13:07:08 53.49740 21.95449 6915 1764 5.5 6.2 816
14921 13:07:27 53.49740 21.95449 6915 1629 5.9 7.5 829
14922 13:07:46 53.49740 21.95449 6915 1503 6.2 9.2 842
14923 13:08:05 53.49740 21.95449 6915 1360 6.6 10.5 857
14924 13:08:23 53.49740 21.95449 6915 1222 6.9 12.0 872
14925 13:08:42 53.49740 21.95449 6915 1086 7.3 13.0 886
14926 13:09:01 53.49740 21.95449 6915 948 7.7 14.2 901
14927 13:09:20 53.49740 21.95449 6915 815 8.1 15.8 916
14928 13:09:39 53.49740 21.95449 6915 692 8.5 17.0 930
15109 14:05:38 53.52734 21.89979 142 98 40.2 29.8 998
15110 14:06:15 53.52733 21.89980 141 98 40.2 29.2 998
15111 14:06:34 53.52733 21.89981 141 98 40.3 29.0 998
15112 14:06:34 53.52733 21.89981 141 98 40.3 28.8 998
15113 14:07:11 53.52734 21.89980 142 98 40.3 28.5 998
15114 14:07:30 53.52733 21.89980 142 98 40.3 28.2 998
15115 14:07:30 53.52733 21.89980 142 98 40.4 28.0 998
15116 14:08:07 53.52733 21.89980 142 98 40.5 28.0 998
15117 14:08:26 53.52733 21.89981 142 98 40.5 28.0 998
15118 14:08:26 53.52733 21.89981 142 98 40.5 27.8 998
15119 14:09:03 53.52733 21.89980 142 98 40.5 28.0 998
15120 14:09:22 53.52733 21.89980 142 98 40.5 28.8 998
15121 14:09:22 53.52733 21.89980 142 98 40.6 29.5 998
15122 14:09:59 53.52734 21.89980 142 98 40.6 29.8 998
15123 14:10:36 53.52733 21.89980 142 98 40.7 30.2 998
15124 14:10:36 53.52733 21.89980 142 98 40.8 30.5 998
15125 14:10:55 53.52733 21.89980 143 98 40.8 30.5 998
15126 14:11:32 53.52733 21.89980 143 97 40.9 30.8 998
15127 14:11:32 53.52733 21.89980 142 97 40.9 30.8 998
15128 14:11:51 53.52733 21.89980 142 97 41.0 30.8 998
15129 14:12:10 53.52733 21.89979 142 97 41.1 30.5 998
15130 14:12:28 53.52733 21.89980 142 97 41.1 30.5 998
15131 14:12:47 53.52733 21.89980 142 97 41.2 30.5 998
15132 14:13:06 53.52733 21.89980 142 97 41.3 30.0 998
15133 14:13:24 53.52733 21.89980 142 97 41.3 30.2 998
15134 14:13:43 53.52733 21.89980 142 97 41.4 30.2 998
15135 14:14:02 53.52733 21.89980 142 97 41.4 30.5 998
15136 14:14:20 53.52734 21.89980 142 97 41.4 30.5 998
15137 14:14:39 53.52733 21.89980 141 97 41.5 30.5 998
15138 14:14:39 53.52733 21.89980 141 97 41.6 30.8 998
15139 14:15:16 53.52733 21.89979 142 97 41.6 30.8 998
15140 14:15:35 53.52733 21.89980 142 97 41.7 31.0 998
15141 14:15:35 53.52733 21.89980 142 97 41.8 31.0 998
15142 14:16:12 53.52733 21.89980 143 97 41.8 31.0 998
15143 14:16:31 53.52733 21.89980 142 97 41.8 31.0 998
15144 14:16:31 53.52733 21.89980 142 97 41.9 31.0 998
15145 14:17:08 53.52733 21.89980 143 97 42.0 30.8 998
15146 14:17:27 53.52733 21.89980 143 97 42.0 30.8 998
15147 14:17:27 53.52733 21.89980 143 97 42.1 30.5 998
15148 14:18:04 53.52733 21.89980 142 97 42.1 30.5 998
15149 14:18:23 53.52733 21.89980 142 97 42.1 30.5 998
15150 14:18:23 53.52733 21.89980 142 97 42.2 30.5 998
15151 14:19:00 53.52734 21.89980 143 98 42.3 31.0 998
15152 14:19:19 53.52734 21.89980 142 98 42.3 31.0 998
15153 14:19:19 53.52734 21.89980 142 97 42.3 30.8 998
15154 14:19:56 53.52733 21.89980 142 97 42.4 30.8 998
15155 14:20:33 53.52733 21.89980 142 97 42.5 30.8 998
15156 14:20:33 53.52733 21.89980 142 97 42.5 30.8 998
15157 14:20:52 53.52733 21.89980 142 97 42.5 30.8 998
15158 14:21:11 53.52733 21.89980 142 97 42.6 30.8 998
15159 14:21:29 53.52733 21.89980 142 97 42.6 31.0 998
15160 14:21:48 53.52733 21.89980 142 97 42.7 30.8 998
15161 14:22:07 53.52733 21.89980 142 97 42.7 30.8 998
15162 14:22:25 53.52733 21.89980 142 97 42.7 30.2 998
15163 14:22:44 53.52733 21.89980 142 97 42.8 30.0 998
15164 14:23:03 53.52733 21.89980 142 97 42.8 30.2 998
15165 14:23:21 53.52733 21.89980 142 97 42.8 30.2 998
15166 14:23:40 53.52733 21.89980 142 97 42.8 30.2 998
15167 14:23:40 53.52733 21.89980 142 97 42.8 29.5 998
15168 14:24:17 53.52734 21.89980 142 98 42.8 29.2 998
